G,A,V,L,I,P,F,Y,W,S,T,C,M,N,Q,D,E,K,R,H
0.019187496729403966,98.88363655392558,0.12907952345235396,0.0017443178844912697,0.0,0.005232953653473809,0.0,0.0,0.0,0.08896021210905475,0.01569886096042143,0.0,0.0,0.0,0.0,0.2476931395977603,0.6052783059184705,0.0,0.0017443178844912697,0.0017443178844912697
0.0,0.0017443178844912697,0.0034886357689825395,26.684574996947443,0.0,0.006977271537965079,35.01543721327775,0.17094315268014443,0.0034886357689825395,38.08543668998238,0.0,0.026164768267369045,0.0017443178844912697,0.0,0.0,0.0,0.0,0.0,0.0,0.0
0.0,0.0017443178844912697,32.05707408118055,0.14128974864379285,35.591062115159865,0.0,32.17568769732596,0.0,0.0,0.010465907306947618,0.008721589422456348,0.0034886357689825395,0.005232953653473809,0.0,0.0,0.0034886357689825395,0.0,0.0,0.0017443178844912697,0.0
0.027909086151860316,0.0,0.0,0.0,0.14303406652828413,0.0,0.0,0.0017443178844912697,0.0017443178844912697,26.684574996947443,0.017443178844912696,0.0,0.04186362922779047,29.034171187357185,0.0017443178844912697,0.006977271537965079,0.012210225191438887,23.293621029496414,20.73296237506323,0.0
0.020931814613895237,0.0017443178844912697,0.0,0.4953862791955206,0.0,0.005232953653473809,0.0,0.0,0.027909086151860316,0.3872385703570619,0.0,0.033142039805334124,0.0,0.0,0.019187496729403966,0.0,0.0,0.0,98.99178426276404,0.017443178844912696
0.006977271537965079,0.0,22.74939384953514,0.012210225191438887,25.160041165902076,0.0,0.16396588114217936,0.12210225191438888,0.0,0.005232953653473809,0.0034886357689825395,0.0,0.0034886357689825395,26.920057911353766,0.0,24.396029932494898,0.19361928517853094,0.25118177536674285,0.0034886357689825395,0.008721589422456348
0.0,0.005232953653473809,0.0,0.0017443178844912697,0.006977271537965079,0.0,0.0,0.0,0.0,0.010465907306947618,99.64939210521726,0.0,0.0034886357689825395,0.12907952345235396,0.0,0.0,0.0,0.18838633152505713,0.0017443178844912697,0.0034886357689825395
0.0,0.0,0.0,0.0029004002552352223,0.0,0.0,0.0,0.005800800510470445,0.0,0.005800800510470445,0.0,0.0,0.0,25.755554266488776,24.04721851615523,0.008701200765705668,0.005800800510470445,24.868031788386798,0.008701200765705668,25.29149022565114
0.008701200765705668,0.0,0.0,0.0,0.0,0.0,0.0,0.0,0.0,0.0,0.0,0.0,0.0,0.0,0.0,0.014502001276176112,99.97679679795812,0.0,0.0,0.0
0.0,0.0,0.0,0.0,0.020302801786646556,0.0,0.0,0.0,0.0,0.014502001276176112,99.78246998085736,0.0,0.005800800510470445,0.060908405359939674,0.0,0.0029004002552352223,0.0,0.10731480944370324,0.005800800510470445,0.0
0.0,0.0,0.0,0.0,0.0,0.0,0.0,0.017402401531411336,0.0,0.0,0.0,0.0,0.0,25.43070943790243,24.33725854167875,0.008701200765705668,0.005800800510470445,25.082661407274205,0.020302801786646556,25.09716340855038
0.0,0.0,0.01160160102094089,0.0029004002552352223,99.97389639770289,0.0,0.0029004002552352223,0.0,0.0,0.0,0.0029004002552352223,0.0,0.005800800510470445,0.0,0.0,0.0,0.0,0.0,0.0,0.0
0.0,0.0,0.0,0.04930680433899878,0.0,0.0,25.010151400893324,0.05510760484946923,0.0,24.615696966181332,0.0029004002552352223,22.916062416613492,0.0,0.0,27.127443587215037,0.0,0.0,0.2059284181217008,0.014502001276176112,0.0029004002552352223
0.0,0.008721589422456348,30.998273125294354,0.022676132498386507,30.270892567461495,0.0,0.10465907306947618,0.03837499345880793,0.0,0.0034886357689825395,0.005232953653473809,0.0,0.0034886357689825395,19.171797868443544,0.0,19.239826265938703,0.0575624901882119,0.06802839749515951,0.0017443178844912697,0.005232953653473809
0.0017443178844912697,50.33403687488008,0.019187496729403966,0.008721589422456348,0.0,0.012210225191438887,0.0,0.0,0.0,49.33977568072005,0.04884090076575555,0.0,0.0,0.0,0.0,0.0,0.2354829144063214,0.0,0.0,0.0
0.0,0.0,0.026164768267369045,55.84084843621902,44.119032252437684,0.0017443178844912697,0.0017443178844912697,0.0,0.0,0.0034886357689825395,0.0034886357689825395,0.0,0.0,0.0017443178844912697,0.0,0.0,0.0,0.0017443178844912697,0.0,0.0
25.132132079750214,24.457081058452093,0.09942611941600238,0.0,0.0034886357689825395,0.0,0.14303406652828413,0.05407385441922936,0.0017443178844912697,25.282143417816464,0.01569886096042143,24.650700343630625,0.0,0.0,0.0,0.1482670201817579,0.0,0.0,0.012210225191438887,0.0
0.0,0.0,0.0034886357689825395,56.46880287463588,43.513753946519216,0.005232953653473809,0.0,0.0,0.0,0.0017443178844912697,0.0034886357689825395,0.0,0.0,0.0,0.0,0.0,0.0,0.0017443178844912697,0.0,0.0017443178844912697
0.0034886357689825395,0.0017443178844912697,0.0,0.0,0.0,0.0,0.0,0.12733520556786268,0.0,0.006977271537965079,0.0017443178844912697,0.0,0.0,28.782989411990442,0.006977271537965079,27.04913743480612,21.545814509236163,22.449371173402643,0.0,0.024420450382877774
27.608910029584084,0.0029004002552352223,0.008701200765705668,0.0,0.01160160102094089,0.0,0.0,0.0,0.0,0.0,0.0029004002552352223,0.0,0.0,0.0029004002552352223,0.0029004002552352223,0.0029004002552352223,24.57509136260804,25.21317941875979,22.568014385985265,0.0
34.7990022623122,31.420035964963166,0.05800800510470445,0.0,0.0,0.0029004002552352223,0.0,0.04640640408376356,0.0,0.11021520969893846,0.005800800510470445,0.04060560357329311,0.0,0.014502001276176112,0.0,33.22118452346424,0.2697372237368757,0.0,0.008701200765705668,0.0029004002552352223
0.0029004002552352223,24.084923719473288,0.008701200765705668,0.005800800510470445,0.0,24.311154939381634,0.0029004002552352223,0.08411160740182146,0.0,0.1914264168455247,0.05510760484946923,0.0,0.0,0.13341841174082023,0.11311560995417368,25.654040257555543,0.1392192122512907,0.0,0.014502001276176112,25.198677417483612
0.0,0.005800800510470445,33.7200533673647,34.20732061024422,32.037821219328265,0.0,0.0,0.0,0.0,0.014502001276176112,0.005800800510470445,0.0,0.005800800510470445,0.0,0.0,0.0,0.0029004002552352223,0.0,0.0,0.0
0.005800800510470445,25.282789024885435,0.0029004002552352223,0.0029004002552352223,0.0,24.102326121004698,0.0,0.0,0.0,0.23783282092928823,0.0638088056151749,0.0,0.0,0.0,25.227681420035964,0.0,24.96374499680956,0.09861360867799757,0.01160160102094089,0.0
0.0,0.011069293779056896,0.006325310730889655,24.22594009930738,25.55583668047693,25.10515829090104,0.0,0.0015813276827224138,0.0,0.03795186438533793,24.847401878617287,0.0,0.004743983048167241,0.0,0.07115974572250862,0.0,0.0,0.12176223156962586,0.009487966096334483,0.0015813276827224138
0.006325310730889655,24.406211455137733,0.022138587558113793,0.015813276827224138,0.0,24.8553085170309,0.0,0.0,0.0,0.12334355925234827,0.0806477118188431,0.0,0.0,0.0015813276827224138,25.01344128530314,0.0,25.33286947721307,0.12334355925234827,0.01739460450994655,0.0015813276827224138
0.0,0.0,0.0,0.0031626553654448275,0.006325310730889655,0.0015813276827224138,0.0,0.02055725987539138,0.0,0.015813276827224138,0.006325310730889655,0.0,0.0,27.284227837692526,22.217653942249914,0.01739460450994655,0.014231949144501724,23.34197792466555,0.026882570606281034,27.04386602991872
0.023719915240836206,0.0031626553654448275,0.0031626553654448275,0.026882570606281034,0.0015813276827224138,0.0031626553654448275,0.022138587558113793,0.37635598848793445,0.004743983048167241,50.3526360732471,0.0,0.0031626553654448275,0.0,0.011069293779056896,0.0015813276827224138,48.94367310794143,0.20873525411935862,0.0,0.0031626553654448275,0.011069293779056896
0.004743983048167241,24.255985325279106,24.425187387330404,0.056927796578006895,25.369240013915682,0.0031626553654448275,0.0,0.0031626553654448275,0.0,0.12966886998323793,25.356589392453905,0.0031626553654448275,0.009487966096334483,0.0015813276827224138,0.0,0.0,0.22929251399474998,0.1407381637622948,0.009487966096334483,0.0015813276827224138
0.0,0.0,0.0031626553654448275,46.00872892880863,0.004743983048167241,0.0,53.962807172902366,0.0015813276827224138,0.0031626553654448275,0.011069293779056896,0.0,0.0031626553654448275,0.0015813276827224138,0.0,0.0,0.0,0.0,0.0,0.0,0.0
0.0,0.0038179596823457542,0.0,0.006363266137242924,0.0,48.39263897373244,0.0,0.0,0.0,0.017817145184280188,0.035634290368560376,0.0,0.0,0.0,51.48391366320505,0.0,0.0,0.05599674200773773,0.0025453064548971696,0.0012726532274485848
0.0012726532274485848,21.278761962940337,0.0038179596823457542,0.0,0.005090612909794339,0.0012726532274485848,0.0,0.0,0.0,0.010181225819588679,25.45942781510894,0.0,0.0,0.0,0.0,0.0,23.77825290164936,29.45937690897984,0.0025453064548971696,0.0
0.0,0.0,0.0,0.0,0.0012726532274485848,0.0,0.0,0.0,0.0,0.008908572592140094,0.0012726532274485848,0.0,0.0,60.181225819588676,0.0,0.0025453064548971696,0.005090612909794339,39.7971390755447,0.0025453064548971696,0.0
0.005090612909794339,0.0,0.0,0.0,0.0,0.0,0.0,0.0,0.0,0.0,0.0,0.0,0.0,0.0,0.0025453064548971696,0.0,46.42893504377927,53.55961107717369,0.0038179596823457542,0.0
0.0025453064548971696,47.82630828751782,0.008908572592140094,0.0,0.0,0.0012726532274485848,0.0,0.0,0.0,0.05090612909794339,0.012726532274485848,0.0,0.0,0.0,0.0012726532274485848,0.0,52.088423946243125,0.006363266137242924,0.0012726532274485848,0.0
0.0012726532274485848,0.0,0.0012726532274485848,0.0,0.0,0.0,0.0,0.008908572592140094,0.0,0.0,0.0,0.0,0.0,0.0076359193646915085,0.0012726532274485848,61.69822846670739,38.27886377519853,0.0025453064548971696,0.0,0.0
0.006325310730889655,48.194123786331005,0.011069293779056896,0.0,0.0,0.004743983048167241,0.0,0.07906638413612069,0.0,0.29412694898636893,0.015813276827224138,0.0,0.0,0.009487966096334483,0.0,51.10218539485752,0.2783136721591448,0.0,0.0015813276827224138,0.0031626553654448275
0.0,0.006325310730889655,49.96362946329739,0.061671779626174136,0.01265062146177931,0.0015813276827224138,0.0917170055979,0.01739460450994655,0.0,0.0015813276827224138,0.0,0.0,0.014231949144501724,0.061671779626174136,0.03004522597172586,0.004743983048167241,0.0,0.0,0.006325310730889655,49.72643031088902
0.018975932192668965,98.29532875802524,0.04585850279895,0.0031626553654448275,0.0,0.022138587558113793,0.0,0.0,0.0,0.7274107340523103,0.08539169486701034,0.0015813276827224138,0.0,0.0,0.0,0.1850153388785224,0.6151364685790189,0.0,0.0,0.0
0.011069293779056896,25.650716341440273,0.01739460450994655,0.0,0.011069293779056896,0.018975932192668965,0.0,0.0,0.0,0.3779373161706569,24.26705461905816,0.0,0.0,0.0015813276827224138,0.007906638413612069,0.0,25.07827572029476,24.54853094658275,0.006325310730889655,0.0031626553654448275
0.0,0.0,0.0,0.007906638413612069,0.0,0.004743983048167241,0.0,0.0,0.0,0.0,0.0015813276827224138,0.0,0.0,0.0,99.498719124577,0.0,0.006325310730889655,0.21031658180208102,0.014231949144501724,0.256175084601031
0.006325310730889655,24.49476580537019,25.64913501375755,25.587463234131377,0.026882570606281034,0.01265062146177931,0.0031626553654448275,0.0,0.0,24.055156709573357,0.023719915240836206,0.0,0.0,0.0,0.0,0.0,0.1391568360795724,0.0015813276827224138,0.0,0.0
0.0012726532274485848,0.0025453064548971696,0.0,0.0,0.0330889839136632,0.0,0.0,0.0,0.0,50.91758297699043,48.952606393809816,0.0038179596823457542,0.0,0.0165444919568316,0.0,0.0,0.0,0.0,0.07254123396456934,0.0
26.14411525147628,0.0012726532274485848,0.011453879047037263,0.025453064548971695,0.0,0.0012726532274485848,0.0,0.0,0.0,0.0,0.0,0.0,0.0,0.0,25.726684992873142,0.0,23.000661779678275,0.0038179596823457542,25.085267766239056,0.0
50.599419670128285,0.005090612909794339,0.027998371003868865,0.0,0.05981470169008349,0.0,0.0,0.0,0.0,49.259315821624924,0.006363266137242924,0.020362451639177357,0.0,0.011453879047037263,0.0,0.005090612909794339,0.0,0.0012726532274485848,0.0038179596823457542,0.0
0.0,0.0,0.0,0.0012726532274485848,0.0,0.0012726532274485848,0.0,0.0,0.0,0.0,0.0,0.0,0.0,0.0,99.95927509672164,0.0,0.0012726532274485848,0.012726532274485848,0.0012726532274485848,0.022907758094074526
0.0,22.72195072286703,27.136784768886173,0.011453879047037263,27.247505599674202,0.0012726532274485848,0.0,0.0,0.0,0.024180411321523113,22.842852779474647,0.0,0.0025453064548971696,0.0,0.0,0.0,0.0012726532274485848,0.010181225819588679,0.0,0.0
0.0,0.0,49.322948482997354,0.022907758094074526,50.651598452453676,0.0,0.0,0.0,0.0,0.0,0.0,0.0,0.0012726532274485848,0.0,0.0,0.0,0.0,0.0,0.0012726532274485848,0.0
25.974852372225616,0.0,0.011453879047037263,0.0,0.01908979841172877,0.0,0.0,0.013999185501934432,0.0,25.16162695988597,0.0,0.015271838729383017,0.0,25.825951944614133,0.0,22.940847077988188,0.012726532274485848,0.008908572592140094,0.015271838729383017,0.0
0.0,0.0012726532274485848,52.295866422317246,0.012726532274485848,47.68886173895337,0.0,0.0,0.0,0.0,0.0,0.0012726532274485848,0.0,0.0,0.0,0.0,0.0,0.0,0.0,0.0,0.0
0.006728003633121962,0.0,0.0,0.0016820009082804904,0.0016820009082804904,0.0016820009082804904,0.0,0.09082804904714649,0.0,0.0,0.0,0.0,0.0,0.08578204632230502,21.980387869409448,28.195381225505862,18.781222141859956,0.04373202361529275,0.015138008174524414,30.7957546297075
0.0,0.023548012715926867,0.0,0.003364001816560981,0.10933005903823188,0.0,0.0,0.0016820009082804904,0.0,0.003364001816560981,99.46344171025852,0.0,0.031958017257329316,0.09419205086370747,0.0,0.0016820009082804904,0.0,0.2623921416917565,0.003364001816560981,0.0016820009082804904
99.58790977747128,0.008410004541402453,0.21866011807646377,0.0,0.0,0.0,0.0,0.0,0.031958017257329316,0.013456007266243923,0.0,0.10933005903823188,0.0,0.0,0.0,0.008410004541402453,0.0,0.0,0.021866011807646375,0.0
0.013456007266243923,0.0,48.81166635829983,0.08410004541402452,51.05377356903773,0.0,0.0,0.0016820009082804904,0.0,0.0016820009082804904,0.0,0.0,0.021866011807646375,0.0016820009082804904,0.0,0.0,0.0,0.0016820009082804904,0.006728003633121962,0.0016820009082804904
48.07494996047298,51.45577178611676,0.06223403360637815,0.0,0.0,0.003364001816560981,0.0,0.0,0.0,0.2893041562242444,0.006728003633121962,0.0,0.0,0.0,0.0,0.003364001816560981,0.09251004995542697,0.0,0.011774006357963433,0.0
0.0,0.0,0.016820009082804906,0.058870031789817166,0.008410004541402453,0.0,99.89571594368661,0.0,0.0,0.003364001816560981,0.0,0.016820009082804906,0.0,0.0,0.0,0.0,0.0,0.0,0.0,0.0
0.0,0.0,0.020184010899365886,42.714413065783056,0.0,0.0,57.24521891241821,0.0,0.0050460027248414715,0.003364001816560981,0.0,0.010092005449682943,0.0016820009082804904,0.0,0.0,0.0,0.0,0.0,0.0,0.0
0.016820009082804906,0.0,0.0,0.0,0.0,0.0,0.0,0.1581080853783661,0.0,0.0,0.0016820009082804904,0.0,0.0,0.018502009991085394,0.0,99.70901384286748,0.09251004995542697,0.0,0.0,0.003364001816560981
0.0,0.0,0.0,0.003364001816560981,0.0,0.0050460027248414715,0.0,0.04877802634013422,0.0,0.0,0.0,0.0,0.0,0.23379812625098817,0.09923805358854894,0.0016820009082804904,0.0,0.0,0.011774006357963433,99.59631978201269
0.0,0.0,0.010092005449682943,0.0,0.05550602997325618,0.0,0.0,0.0016820009082804904,0.0016820009082804904,0.0,0.0,0.0,99.92094595731082,0.0,0.0,0.0,0.0,0.0,0.006728003633121962,0.003364001816560981
0.0,0.0,0.02471882338400692,16.81497960697071,16.308243727598565,0.0,16.0672351996045,16.450376962056605,0.0,0.01853911753800519,0.0,0.043257940922012114,0.00617970584600173,16.75936225435669,0.1668520578420467,0.030898529230008652,0.0,0.25336793968607096,0.030898529230008652,17.025089605734767
0.0,0.02471882338400692,0.0,0.09269558769002595,0.061797058460017304,24.922753676924977,0.0,0.08651588184402423,0.0,0.14831294030404152,24.879495736002966,0.0,0.0,24.799159560004945,0.29044617476208134,0.03707823507601038,0.0,0.42639970337411937,0.030898529230008652,24.199728092942777
0.01235941169200346,98.61574589049562,0.21010999876405884,0.0,0.0,0.01853911753800519,0.0,0.0,0.0,0.11123470522803114,0.09269558769002595,0.0,0.0,0.0,0.0,0.3707823507601038,0.5561735261401557,0.0,0.00617970584600173,0.00617970584600173
0.0,0.0,0.030898529230008652,98.83203559510568,0.685947348906192,0.01235941169200346,0.07415647015202076,0.0,0.0,0.00617970584600173,0.0,0.0,0.2842664689160796,0.0,0.0,0.0,0.0,0.0,0.07415647015202076,0.0
0.03707823507601038,98.30058089234953,0.12977382276603633,0.0,0.0,0.02471882338400692,0.0,0.0,0.0,0.5252749969101471,0.11123470522803114,0.00617970584600173,0.0,0.0,0.00617970584600173,0.3337041156840934,0.5252749969101471,0.0,0.0,0.0
0.0,0.0,0.0,0.0,0.0,0.0,0.0,0.0,0.0,0.01235941169200346,0.0,0.0,0.0,0.07415647015202076,0.0,0.0,0.01853911753800519,99.85168705969596,0.043257940922012114,0.0
0.0,0.0,0.0,0.0,0.00617970584600173,0.0,0.0,0.19157088122605365,0.0,0.0,0.01235941169200346,0.0,0.00617970584600173,0.8651588184402422,0.43875911506612286,0.01235941169200346,0.0,0.0,0.01853911753800519,98.44889383265357
24.378939562476827,24.910394265232974,0.061797058460017304,0.00617970584600173,0.0,0.0,0.160672351996045,0.19157088122605365,0.02471882338400692,24.86095661846496,0.02471882338400692,25.13904338153504,0.0,0.0,0.0,0.2410085279940675,0.0,0.0,0.0,0.0
99.24607588678779,0.01853911753800519,0.3707823507601038,0.0,0.0,0.0,0.0,0.0,0.01853911753800519,0.043257940922012114,0.0,0.061797058460017304,0.0,0.0,0.0,0.12359411692003461,0.03707823507601038,0.0,0.0803361759980225,0.0
0.061797058460017304,0.0,0.0,0.11123470522803114,0.0,0.0,0.0,0.0,99.70337411939191,0.01235941169200346,0.0,0.09887529353602768,0.00617970584600173,0.0,0.0,0.0,0.0,0.0,0.00617970584600173,0.0
0.0016820009082804904,0.0016820009082804904,0.0,0.0,0.089146048138866,0.0,0.0,0.0,0.0,51.390173750693826,0.013456007266243923,0.0016820009082804904,0.0,48.38612012850487,0.0,0.0,0.0,0.031958017257329316,0.07400803996434158,0.010092005449682943
0.0,0.0,0.0016820009082804904,57.53788707045902,42.436882915916776,0.0016820009082804904,0.010092005449682943,0.0016820009082804904,0.0,0.0050460027248414715,0.0050460027248414715,0.0,0.0,0.0,0.0,0.0,0.0,0.0,0.0,0.0
18.359039913881553,0.0050460027248414715,20.281566952046155,18.256437858476442,21.08388138529595,0.006728003633121962,0.0,0.0,0.0,0.0,0.003364001816560981,0.0,0.0,0.0,0.006728003633121962,0.0,0.008410004541402453,0.0050460027248414715,21.983751871226012,0.0
0.0,0.0016820009082804904,43.4174894454443,56.538778530940405,0.023548012715926867,0.0050460027248414715,0.003364001816560981,0.0016820009082804904,0.0,0.008410004541402453,0.0,0.0,0.0,0.0,0.0,0.0,0.0,0.0,0.0,0.0
0.003364001816560981,0.011774006357963433,0.0016820009082804904,0.0,0.0,0.0,0.0016820009082804904,50.14044707584142,0.0,0.011774006357963433,0.0016820009082804904,0.0016820009082804904,0.0,0.0016820009082804904,0.0,0.0723260390560611,49.72667485240442,0.013456007266243923,0.003364001816560981,0.008410004541402453
25.018081509764016,22.547222175499975,0.053824029064975694,0.0,0.0,0.006728003633121962,0.14969808083696365,0.018502009991085394,0.0016820009082804904,25.16777959060098,0.011774006357963433,26.980976569727346,0.0016820009082804904,0.0,0.0,0.038686020890451284,0.0,0.0,0.003364001816560981,0.0
23.886094898491244,0.003364001816560981,25.47390375590803,0.14969808083696365,26.984340571543907,0.0,0.0,0.0,0.0,0.0,0.008410004541402453,0.0,0.0,0.0,0.0,0.0,0.010092005449682943,0.0050460027248414715,23.479050678687365,0.0
99.5256757438649,0.0050460027248414715,0.28089415168284193,0.0,0.0,0.0,0.0016820009082804904,0.0,0.03364001816560981,0.020184010899365886,0.0,0.060552032698097655,0.0,0.0,0.0,0.020184010899365886,0.021866011807646375,0.0,0.030276016349048827,0.0
0.0050460027248414715,0.015138008174524414,0.003364001816560981,0.0,0.0,0.0,0.0,0.34649218710578106,0.0,0.0,0.0,0.0,0.0,0.04205002270701226,0.0,99.5424957529477,0.02523001362420736,0.0,0.0016820009082804904,0.018502009991085394
0.0,0.0,0.0,57.144298857921385,42.823743124821284,0.0016820009082804904,0.010092005449682943,0.0,0.0,0.011774006357963433,0.003364001816560981,0.0,0.003364001816560981,0.0,0.0,0.0,0.0,0.0016820009082804904,0.0,0.0
0.0,0.00617970584600173,17.086886664194786,16.135211963910518,0.061797058460017304,0.01235941169200346,17.673958719564947,16.57397107897664,0.0,0.01235941169200346,0.0,0.0,0.0,0.06797676430601904,0.10505499938202942,16.35150166852058,0.1421332344580398,0.0,0.0,15.770609318996415
0.0,0.01853911753800519,49.50562353231986,0.3707823507601038,50.092695587690024,0.0,0.0,0.0,0.0,0.0,0.0,0.0,0.00617970584600173,0.0,0.00617970584600173,0.0,0.0,0.0,0.0,0.0
0.0,0.05561735261401557,0.01853911753800519,0.0,0.0,0.0,0.0,0.4325794092201211,0.0,0.0,0.0,0.0,0.00617970584600173,0.04943764676801384,0.0,99.35731059201582,0.043257940922012114,0.0,0.00617970584600173,0.030898529230008652
0.00617970584600173,0.04943764676801384,0.0,0.0,0.01853911753800519,0.0,0.0,0.6797676430601903,0.0,0.0,0.0,0.0,0.0,0.08651588184402423,0.0,99.05450500556174,0.061797058460017304,0.0,0.00617970584600173,0.03707823507601038
0.0,0.0,0.0,0.0,0.00617970584600173,0.04943764676801384,0.0,0.043257940922012114,0.0,0.00617970584600173,0.00617970584600173,0.0,0.0,0.33988382153009516,0.03707823507601038,0.0,0.0,0.0,0.0,99.51180323816587
0.0,0.0,0.0,0.0,0.00617970584600173,0.061797058460017304,0.0,0.01235941169200346,0.0,0.00617970584600173,0.0,0.0,0.0,0.2039302929180571,0.06797676430601904,0.0,0.0,0.0,0.0,99.6415770609319
0.00617970584600173,0.00617970584600173,0.0,0.0,0.3460635273760969,0.0,0.0,0.0,0.0,50.228649116302066,48.81967618341367,0.0,0.0,0.13595352861203808,0.0,0.0,0.0,0.0,0.45729823260412805,0.0
0.00617970584600173,16.33296255098257,17.062167840810776,17.22284019280682,16.808799901124708,0.01235941169200346,0.00617970584600173,0.0,0.0,16.382400197750588,16.048696082066492,0.0,0.0,0.0,0.0,0.0,0.09269558769002595,0.02471882338400692,0.0,0.0
0.0,0.06797676430601904,0.0,0.0,0.0,0.0,0.0,0.0,0.0,0.0,0.0,0.0,0.0,0.0,0.01853911753800519,0.17303176368804846,99.6786552960079,0.04943764676801384,0.01235941169200346,0.0
0.0,0.03707823507601038,0.0,0.0,0.0,0.0,0.0,0.5314547027561488,0.0,0.0,0.0,0.0,0.0,0.19157088122605365,0.0,99.17809912248177,0.03707823507601038,0.0,0.0,0.02471882338400692
0.006231791484256937,0.01869537445277081,0.0,0.0,0.07633944568214747,0.0015579478710642343,0.07633944568214747,0.02960100955022045,0.009347687226385406,36.97010298035428,34.249925997476126,28.086684219546015,0.0,0.1448891520089738,0.0,0.0,0.0,0.0015579478710642343,0.3271690529234892,0.0015579478710642343
48.941374421611854,50.3637808278935,0.09347687226385405,0.0,0.0,0.007789739355321171,0.0,0.0,0.0,0.42064592518734323,0.03271690529234892,0.0,0.0,0.0,0.0,0.0,0.12151993394301026,0.0,0.017137426581706576,0.0015579478710642343
0.0,0.0,0.010905635097449639,55.07813108573387,44.87824637387633,0.006231791484256937,0.0,0.0015579478710642343,0.0,0.0,0.004673843613192703,0.0,0.012463582968513874,0.004673843613192703,0.0015579478710642343,0.0,0.0,0.0,0.0015579478710642343,0.0
0.0015579478710642343,30.94863445869101,0.012463582968513874,0.009347687226385406,0.03271690529234892,0.0,0.0,0.0,0.0,32.49723464252886,36.10855780765576,0.0,0.0,0.0015579478710642343,0.0,0.0,0.15267889136429494,0.2227865455621855,0.010905635097449639,0.0015579478710642343
0.0,0.0,0.004673843613192703,99.7476124448876,0.12463582968513874,0.010905635097449639,0.035832801034477384,0.0,0.0,0.0,0.004673843613192703,0.0,0.0592020191004409,0.0,0.0031158957421284685,0.0,0.0,0.0,0.0031158957421284685,0.006231791484256937
99.06990512097465,0.02648511380809198,0.5764407122937667,0.0,0.0,0.0,0.0,0.0,0.05141227974511973,0.010905635097449639,0.0,0.21655475407792854,0.0,0.0,0.0,0.028043061679156215,0.0,0.0,0.020253322323835043,0.0
0.0,0.0015579478710642343,0.006231791484256937,23.034259273684704,0.0638758627136336,0.0031158957421284685,0.0,0.0015579478710642343,0.0,0.0,0.0031158957421284685,0.0,24.05627307710284,0.06075996697150513,25.838565441600323,0.0,0.012463582968513874,26.82318849611292,0.010905635097449639,0.08412918503746865
0.017137426581706576,99.20544658575724,0.040506644647670086,0.0,0.0,0.006231791484256937,0.0,0.0,0.0,0.1417732562668453,0.021811270194899278,0.0,0.0,0.0,0.0,0.1324255690404599,0.43155156028479286,0.0,0.0015579478710642343,0.0015579478710642343
0.0,0.0,0.0031158957421284685,41.95397821988876,0.0031158957421284685,0.0,58.02265256204527,0.0031158957421284685,0.0,0.009347687226385406,0.0,0.0031158957421284685,0.0015579478710642343,0.0,0.0,0.0,0.0,0.0,0.0,0.0
0.0,0.0015579478710642343,0.0,0.0015579478710642343,0.0,0.0,0.0,0.017137426581706576,0.0,0.012463582968513874,0.0031158957421284685,0.0,0.0,29.449888606727217,20.39821147584402,0.020253322323835043,0.007789739355321171,22.44068113480923,0.021811270194899278,27.625531649711
0.019750810606185297,0.0016459008838487746,0.0016459008838487746,0.0,0.003291801767697549,0.0,0.0,0.003291801767697549,0.0,0.003291801767697549,0.0,0.0,0.003291801767697549,24.828414832858765,0.0,22.680514179436113,25.555903023519924,26.86274832529585,0.03620981944467304,0.0
0.01810490972233652,99.43545599683986,0.13331797159175074,0.0016459008838487746,0.0,0.009875405303092648,0.0,0.0,0.0,0.16294418750102868,0.027980315025429168,0.006583603535395098,0.0,0.0,0.003291801767697549,0.06748193623779976,0.12673436805635566,0.0,0.0,0.006583603535395098
0.004937702651546324,0.0,25.378145728064258,26.186283062034004,24.95679510179897,0.0,0.013167207070790197,0.004937702651546324,0.011521306186941423,0.003291801767697549,0.003291801767697549,0.0,23.41458597363267,0.004937702651546324,0.0016459008838487746,0.004937702651546324,0.0016459008838487746,0.006583603535395098,0.003291801767697549,0.0
99.67246572411409,0.019750810606185297,0.17117369192027257,0.0,0.0,0.0,0.0,0.0,0.006583603535395098,0.009875405303092648,0.0,0.04937702651546324,0.0,0.0,0.0,0.019750810606185297,0.009875405303092648,0.0,0.041147522096219365,0.0
0.003291801767697549,11.600309429366163,0.006583603535395098,0.026334414141580394,0.009875405303092648,11.983804335302928,0.0,0.05266882828316079,0.0,0.059252431818555884,11.982158434419079,0.006583603535395098,0.009875405303092648,11.756670013331798,9.934657734911204,11.458761953355168,9.319090804351761,10.08772651710914,0.016459008838487745,11.6858962753263
0.0,0.004937702651546324,32.282699935809866,0.07571144065704363,34.10471221423046,0.0,33.47104037394868,0.014813107954638971,0.0,0.02139671149003407,0.003291801767697549,0.003291801767697549,0.0,0.0,0.0,0.004937702651546324,0.0,0.0,0.003291801767697549,0.009875405303092648
0.011521306186941423,0.011521306186941423,0.0,0.0,0.055960630050858336,0.003291801767697549,0.0,0.0,0.0,0.003291801767697549,33.693236993268265,0.0,0.0,0.006583603535395098,0.04279342298006814,0.0,0.02139671149003407,33.951643432032526,32.18229998189509,0.016459008838487745
99.57371167108317,0.016459008838487745,0.233717925506526,0.0,0.0,0.0,0.0,0.0,0.008229504419243873,0.03456391856082427,0.0,0.03127211679312672,0.0,0.0,0.0,0.019750810606185297,0.014813107954638971,0.0,0.06748193623779976,0.0
0.0016459008838487746,0.006583603535395098,32.414372006517766,33.42330924831707,34.10142041246276,0.0,0.006583603535395098,0.004937702651546324,0.0,0.006583603535395098,0.0016459008838487746,0.003291801767697549,0.013167207070790197,0.003291801767697549,0.0016459008838487746,0.003291801767697549,0.0016459008838487746,0.0016459008838487746,0.0016459008838487746,0.003291801767697549
0.016459008838487745,24.044966012146748,0.008229504419243873,0.0,0.016459008838487745,0.0016459008838487746,0.0,0.0,0.0,0.06254423358625344,25.725430814556347,0.0,0.0,0.004937702651546324,0.0,0.003291801767697549,23.95937916618661,26.145135539937787,0.011521306186941423,0.0
0.0,0.0,0.0,0.6761493760418776,0.0,0.010905635097449639,0.0,0.0,0.021811270194899278,0.023369218065963513,0.0031158957421284685,0.009347687226385406,0.0015579478710642343,0.0,0.01869537445277081,0.0,0.0,0.0,99.22569990808107,0.009347687226385406
0.0,0.0,0.0015579478710642343,0.09036097652172559,0.0,0.0,53.10888497670868,46.75868945425086,0.0,0.012463582968513874,0.0,0.009347687226385406,0.0,0.0,0.0,0.0,0.0,0.0,0.0015579478710642343,0.017137426581706576
99.31761883247387,0.014021530839578107,0.45959462196394907,0.0015579478710642343,0.0,0.0,0.0,0.0,0.042064592518734324,0.012463582968513874,0.0,0.07478149781108324,0.0,0.0,0.0,0.02648511380809198,0.02648511380809198,0.0,0.024927165937027748,0.0
0.0,0.007789739355321171,0.0,0.009347687226385406,0.0,21.384392478227678,0.0031158957421284685,27.58502500506333,0.0,26.458628694283888,0.07789739355321171,0.0015579478710642343,0.0,0.14021530839578109,0.06699175845576207,0.007789739355321171,0.0,0.0,0.0031158957421284685,24.254132456727998
50.600588904295265,48.25587735834359,0.09503482013491829,0.0031158957421284685,0.0015579478710642343,0.028043061679156215,0.0,0.0,0.0,0.7898795706295667,0.09347687226385405,0.0,0.0,0.0,0.0,0.0,0.07633944568214747,0.0,0.0545281754872482,0.0015579478710642343
0.0,0.0,0.0,0.08724508077959711,0.012463582968513874,0.0,53.001386573605245,46.86618785735429,0.0,0.021811270194899278,0.0,0.0015579478710642343,0.0,0.0015579478710642343,0.0,0.0,0.0,0.0,0.0015579478710642343,0.006231791484256937
0.009347687226385406,50.539828937323755,0.023369218065963513,0.0031158957421284685,0.0,0.009347687226385406,0.1776060573013227,0.040506644647670086,0.0031158957421284685,0.1542368392353592,0.03427485316341315,48.86347702805864,0.0,0.0,0.0,0.031158957421284685,0.09503482013491829,0.0,0.015579478710642343,0.0
0.0,0.028043061679156215,0.0,0.009347687226385406,0.0,99.26309065698662,0.0,0.0,0.0,0.021811270194899278,0.39727670712137975,0.0,0.0,0.0,0.19785937962515773,0.0,0.0,0.0,0.012463582968513874,0.07010765419789054
0.0,0.0031158957421284685,0.006231791484256937,99.57000638758628,0.2539455029834702,0.03271690529234892,0.007789739355321171,0.0,0.0,0.0031158957421284685,0.0,0.0,0.11528814245875332,0.0,0.0015579478710642343,0.0,0.0,0.0,0.0015579478710642343,0.004673843613192703
0.004673843613192703,0.0031158957421284685,0.006231791484256937,0.0,0.0,0.0,0.0,0.592020191004409,0.0,0.0,0.0,0.0,0.0,0.0685497063268263,0.0,99.2506270740181,0.0545281754872482,0.0,0.0,0.020253322323835043
0.029626215909277942,0.0,0.006583603535395098,0.0,0.0,0.0,0.0,0.0,0.0,0.0,0.0,0.0,0.0,0.0,0.003291801767697549,0.06748193623779976,99.81565910100893,0.07571144065704363,0.0016459008838487746,0.0
0.008229504419243873,99.50293793307767,0.08394094507628751,0.0,0.0,0.006583603535395098,0.0,0.0,0.0,0.2798031502542917,0.06748193623779976,0.0,0.0,0.0,0.0,0.013167207070790197,0.03291801767697549,0.0,0.0016459008838487746,0.003291801767697549
0.0,0.0,0.003291801767697549,99.83540991161512,0.054314729167009565,0.029626215909277942,0.029626215909277942,0.008229504419243873,0.0,0.008229504419243873,0.0016459008838487746,0.0016459008838487746,0.019750810606185297,0.0,0.0016459008838487746,0.0,0.0,0.0,0.0016459008838487746,0.004937702651546324
0.0,0.0016459008838487746,0.0016459008838487746,0.03127211679312672,0.0,0.041147522096219365,0.006583603535395098,0.023042612373882845,0.0016459008838487746,99.87820333459518,0.0016459008838487746,0.003291801767697549,0.0,0.0,0.004937702651546324,0.0,0.0016459008838487746,0.0,0.003291801767697549,0.0
0.039501621212370594,0.0,0.0,0.0,0.10533765656632157,0.0,0.0,0.0,0.003291801767697549,0.08229504419243873,0.011521306186941423,0.0,0.07241963888934608,0.0,0.0016459008838487746,0.008229504419243873,0.004937702651546324,0.07571144065704363,99.5951083825732,0.0
0.003291801767697549,48.83552512467699,0.03620981944467304,0.019750810606185297,0.008229504419243873,0.01810490972233652,0.0,0.0,0.0,50.95544546307421,0.06748193623779976,0.0,0.0,0.0,0.026334414141580394,0.0,0.027980315025429168,0.0,0.0016459008838487746,0.0
0.006583603535395098,0.03456391856082427,99.69386243560413,0.07241963888934608,0.07241963888934608,0.0,0.06748193623779976,0.0,0.004937702651546324,0.01810490972233652,0.0,0.0,0.02468851325773162,0.0,0.0,0.0,0.004937702651546324,0.0,0.0,0.0
0.004937702651546324,0.04608522474776569,99.50129203219382,0.15471468308178482,0.11850486363711177,0.0,0.10862945833401913,0.0,0.009875405303092648,0.009875405303092648,0.0,0.0016459008838487746,0.041147522096219365,0.0,0.0,0.0,0.0016459008838487746,0.0,0.0016459008838487746,0.0
0.014813107954638971,0.0016459008838487746,0.019750810606185297,0.0,0.011521306186941423,0.0,0.0,0.1497769804302385,0.0,0.0,0.008229504419243873,0.0016459008838487746,0.0,0.10039995391477526,0.0,99.65765261615945,0.01810490972233652,0.0,0.009875405303092648,0.006583603535395098
0.0,0.0,0.0016459008838487746,47.701499415705186,0.0,0.0,52.23924815247626,0.0016459008838487746,0.0,0.04937702651546324,0.0,0.006583603535395098,0.0,0.0,0.0,0.0,0.0,0.0,0.0,0.0
0.0,0.0012183087438018543,0.0,0.03776757105785748,0.0,0.014619704925622251,0.05116896723967788,0.09259146452894093,0.0012183087438018543,99.66618340419829,0.1279224180991947,0.0024366174876037086,0.0,0.0,0.0012183087438018543,0.0,0.0,0.0,0.003654926231405563,0.0
22.79211997904509,0.004873234975207417,0.018274631157027814,0.0,0.058478819702489006,0.0,0.0012183087438018543,0.06700698090910198,0.0,25.02649821517769,0.023147866132235233,0.046295732264470466,0.0,27.29986233111195,0.0012183087438018543,24.424653695739575,0.07066190714050755,0.07431683337191311,0.09015484704133722,0.0012183087438018543
0.03533095357025377,0.0,0.0,0.0,0.20833079519011707,0.0,0.0,0.0,0.0,0.058478819702489006,0.013401396181820397,0.0,0.028021101107442648,0.0,0.024366174876037084,0.00852816120661298,0.00852816120661298,0.014619704925622251,99.600394732033,0.0
0.0024366174876037086,45.97288044736297,0.029239409851244503,0.03898587980165934,0.0,53.31684555500055,0.0,0.0,0.0,0.1413238142810151,0.16325337166944848,0.0,0.0,0.0,0.06213374593389457,0.0012183087438018543,0.24366174876037086,0.0012183087438018543,0.0012183087438018543,0.02558448361983894
0.0,0.0,0.0,0.10721116945456317,0.05116896723967788,0.0,45.70363421498276,53.994225216554376,0.0,0.015838013669424104,0.018274631157027814,0.024366174876037084,0.0,0.08406330332232795,0.0,0.0012183087438018543,0.0,0.0,0.0,0.0
22.422972429673127,25.98043396157454,0.04873234975207417,0.010964778694216689,0.0,0.01705632241322596,0.10964778694216688,0.05482389347108344,0.0,26.732130456500286,0.04995065849587602,24.430745239458584,0.0,0.0,0.0,0.12304918312398729,0.0012183087438018543,0.0,0.018274631157027814,0.0
0.0012183087438018543,0.014619704925622251,49.16363104738003,0.0852816120661298,0.12304918312398729,0.0,50.436763684652966,0.0718802158843094,0.0,0.01705632241322596,0.0,0.0012183087438018543,0.0,0.0,0.0,0.0718802158843094,0.0012183087438018543,0.0,0.012183087438018542,0.0
0.0,23.459753170648504,23.425640525822054,0.014619704925622251,26.24115203274814,0.003654926231405563,0.0,0.0,0.0,0.026802792363640793,26.68217979800441,0.0,0.007309852462811126,0.0,0.003654926231405563,0.0,0.04020418854546119,0.0718802158843094,0.012183087438018542,0.010964778694216689
0.009746469950414834,0.0,0.0,0.0,0.003654926231405563,0.0,0.0,0.026802792363640793,0.0,0.012183087438018542,0.0,0.0,0.0,30.181162510203336,0.0012183087438018543,27.721397156467393,19.296792193077568,22.734859468086402,0.010964778694216689,0.0012183087438018543
0.0,0.0,0.021781114321808705,55.38501749749517,44.43056906791352,0.005808297152482321,0.0014520742881205802,0.0,0.0,0.0029041485762411603,0.0029041485762411603,0.0,0.049370525796099726,0.0029041485762411603,0.05663089723670263,0.0,0.0,0.03920600577925567,0.0014520742881205802,0.0
99.43659517620921,0.11471386876152584,0.2715378918785485,0.0,0.0,0.0,0.0,0.0,0.007260371440602901,0.007260371440602901,0.0,0.027589411474291024,0.0,0.0,0.0,0.011616594304964641,0.010164520016844062,0.0,0.11326179447340526,0.0
0.0,0.0,0.004356222864361741,45.05496101180536,0.2120028460656047,0.0,54.46440239882672,0.17279684028634906,0.0,0.010164520016844062,0.0,0.004356222864361741,0.07695993727039076,0.0,0.0,0.0,0.0,0.0,0.0,0.0
0.013068668593085222,0.004356222864361741,0.0,0.07550786298227018,0.010164520016844062,0.029041485762411605,0.0,0.0,0.0,0.0014520742881205802,0.03775393149113509,0.0,0.0,0.0014520742881205802,33.14940392350473,0.0,0.026137337186170444,31.886099292839823,34.76120638331857,0.004356222864361741
0.07260371440602902,0.0,0.0,0.0,0.14956365167641977,0.0,0.0,0.0,0.005808297152482321,0.13504290879521397,0.17134476599822848,0.0,0.04211015435549683,0.0,0.0,0.0,0.0014520742881205802,0.06243919438918495,99.35963523893882,0.0
0.0813161601347525,0.0,0.0014520742881205802,0.0,0.0,0.0,0.0,0.0,0.0,0.0,0.0,0.0,0.0,0.0,0.15972817169326384,0.12923461164273164,99.57889845644503,0.03775393149113509,0.011616594304964641,0.0
0.0,0.0,0.021781114321808705,0.0,0.20764662320124297,0.0,0.0,0.0,0.0,0.0,0.010164520016844062,0.0,48.030261228164434,0.262825446149825,0.0029041485762411603,0.005808297152482321,0.031945634338652766,51.38890905658734,0.03775393149113509,0.0
0.007260371440602901,0.008712445728723482,47.40296513569634,0.10164520016844061,52.25579740659532,0.0,0.0,0.0,0.0,0.0,0.0014520742881205802,0.0,0.05663089723670263,0.0,0.0,0.010164520016844062,0.07550786298227018,0.07986408584663192,0.0,0.0
99.16505728433067,0.17715306315071078,0.3586623491657833,0.0,0.0,0.0,0.0,0.0,0.010164520016844062,0.03630185720301451,0.0,0.06243919438918495,0.0,0.0,0.0,0.029041485762411605,0.008712445728723482,0.0,0.15246780025266093,0.0
0.027589411474291024,0.0,0.0014520742881205802,0.0,0.0014520742881205802,0.0014520742881205802,0.0,0.049370525796099726,0.0,0.0014520742881205802,0.0,0.0,0.0,0.11471386876152584,28.517286944400077,21.060885474900896,26.00665050023959,0.24830470326861923,0.018876965745567544,23.950513308260852
0.0,0.0,0.006091543719009271,99.92568316662809,0.010964778694216689,0.04142249728926305,0.006091543719009271,0.0012183087438018543,0.0012183087438018543,0.0012183087438018543,0.0,0.0,0.004873234975207417,0.0,0.0,0.0,0.0,0.0,0.0012183087438018543,0.0
0.0,0.0012183087438018543,0.0,0.015838013669424104,0.0,0.0426408060330649,0.004873234975207417,0.024366174876037084,0.0012183087438018543,99.90009868300825,0.0012183087438018543,0.0,0.0,0.0,0.0012183087438018543,0.0,0.0,0.0,0.004873234975207417,0.0024366174876037086
0.00852816120661298,0.007309852462811126,0.0,0.0012183087438018543,0.10355624322315761,0.010964778694216689,0.12061256563638358,0.04507742352066861,0.0,37.56776842387398,28.414614831690646,33.57780728792291,0.0012183087438018543,0.04507742352066861,0.0,0.0,0.0,0.0,0.09624639076034648,0.0
0.012183087438018542,0.0024366174876037086,0.11573933066117616,0.0,0.0,0.0,0.0,0.0012183087438018543,0.0,0.0,0.0,0.0,0.0,0.0012183087438018543,0.015838013669424104,0.24731667499177643,99.50780326750404,0.08406330332232795,0.012183087438018542,0.0
0.0,0.0,0.007309852462811126,0.14010550553721324,0.3715841668595655,0.0,0.0,0.0,0.007309852462811126,0.0,0.03533095357025377,0.0,99.42252165543792,0.00852816120661298,0.0,0.003654926231405563,0.0,0.0,0.003654926231405563,0.0
0.006091543719009271,0.03654926231405563,51.985234098025124,0.2290420438347486,47.705315481049205,0.0,0.0,0.004873234975207417,0.0,0.0,0.020711248644631523,0.0,0.006091543719009271,0.0,0.0,0.004873234975207417,0.0012183087438018543,0.0,0.0,0.0
0.0,0.006091543719009271,0.0,0.006091543719009271,0.013401396181820397,47.232611688454085,0.0,0.0,0.0,0.10599286071076132,52.52859979776075,0.0,0.0,0.006091543719009271,0.006091543719009271,0.0,0.0,0.08649992080993166,0.004873234975207417,0.003654926231405563
0.0,0.0,0.0,0.11208440442977059,0.0,0.0012183087438018543,0.0,0.01705632241322596,0.0,0.0,0.013401396181820397,0.0,0.0,0.021929557388433378,0.029239409851244503,0.0,0.0,0.0012183087438018543,0.006091543719009271,99.79776074852889
0.0,0.01949293990082967,29.21138875013706,18.766827889523764,26.901475371888743,0.0,25.075230564929765,0.0024366174876037086,0.0,0.00852816120661298,0.010964778694216689,0.0012183087438018543,0.0,0.0,0.0,0.0012183087438018543,0.0,0.0,0.0,0.0012183087438018543
0.0,0.0,0.03630185720301451,39.77376682591081,28.746714681923127,0.013068668593085222,0.16408439455762558,0.0,0.004356222864361741,0.013068668593085222,0.0029041485762411603,0.0,31.244282457490524,0.0,0.0,0.0,0.0,0.0,0.0,0.0014520742881205802
0.017424891457446964,0.004356222864361741,0.15682402311702268,0.07986408584663192,0.0014520742881205802,0.0014520742881205802,0.0,0.15972817169326384,0.0,0.0,0.0014520742881205802,0.0,0.0,0.046466377219858565,22.662523414697898,26.551178358284808,24.293202840257308,0.03339770862677335,0.031945634338652766,25.958732048731612
0.013068668593085222,0.0029041485762411603,0.007260371440602901,0.0,0.22942773752305168,0.0,0.0,0.0,0.0,99.28848359882092,0.010164520016844062,0.28896278333599545,0.0,0.09728897730407887,0.0,0.0,0.0029041485762411603,0.0014520742881205802,0.05808297152482321,0.0
